a = 4.41666538215367e-09
b = 2.96497451371365
