t = 0
2 3 4 5 6 7 8 9 10 11 12 13 14 15 16 17 
3 4 5 6 7 8 9 10 11 12 13 14 15 16 17 18 
4 5 6 7 8 9 10 11 12 13 14 15 16 17 18 19 
5 6 7 8 9 10 11 12 13 14 15 16 17 18 19 20 
6 7 8 9 10 11 12 13 14 15 16 17 18 19 20 21 
7 8 9 10 11 12 13 14 15 16 17 18 19 20 21 22 
8 9 10 11 12 13 14 15 16 17 18 19 20 21 22 23 
9 10 11 12 13 14 15 16 17 18 19 20 21 22 23 24 
10 11 12 13 14 15 16 17 18 19 20 21 22 23 24 25 
11 12 13 14 15 16 17 18 19 20 21 22 23 24 25 26 
12 13 14 15 16 17 18 19 20 21 22 23 24 25 26 27 
13 14 15 16 17 18 19 20 21 22 23 24 25 26 27 28 
14 15 16 17 18 19 20 21 22 23 24 25 26 27 28 29 
15 16 17 18 19 20 21 22 23 24 25 26 27 28 29 30 
16 17 18 19 20 21 22 23 24 25 26 27 28 29 30 31 
17 18 19 20 21 22 23 24 25 26 27 28 29 30 31 32 

t = 10
1127.18 907.761 865.918 917.25 997.076 1082.67 1169.08 1255.57 1342.07 1428.56 1514.97 1600.56 1680.39 1731.72 1689.87 1470.46 
907.761 688.345 646.502 697.834 777.659 863.253 949.662 1036.15 1122.65 1209.14 1295.55 1381.14 1460.97 1512.3 1470.46 1251.04 
865.918 646.502 604.659 655.991 735.816 821.41 907.819 994.31 1080.81 1167.3 1253.71 1339.3 1419.13 1470.46 1428.62 1209.2 
917.25 697.834 655.991 707.322 787.148 872.741 959.15 1045.64 1132.14 1218.63 1305.04 1390.63 1470.46 1521.79 1479.95 1260.53 
997.076 777.659 735.816 787.148 866.974 952.567 1038.98 1125.47 1211.96 1298.46 1384.86 1470.46 1550.28 1601.62 1559.77 1340.36 
1082.67 863.253 821.41 872.741 952.567 1038.16 1124.57 1211.06 1297.56 1384.05 1470.46 1556.05 1635.88 1687.21 1645.37 1425.95 
1169.08 949.662 907.819 959.15 1038.98 1124.57 1210.98 1297.47 1383.97 1470.46 1556.87 1642.46 1722.29 1773.62 1731.78 1512.36 
1255.57 1036.15 994.31 1045.64 1125.47 1211.06 1297.47 1383.96 1470.46 1556.95 1643.36 1728.95 1808.78 1860.11 1818.27 1598.85 
1342.07 1122.65 1080.81 1132.14 1211.96 1297.56 1383.97 1470.46 1556.96 1643.45 1729.86 1815.45 1895.28 1946.61 1904.76 1685.35 
1428.56 1209.14 1167.3 1218.63 1298.46 1384.05 1470.46 1556.95 1643.45 1729.94 1816.35 1901.94 1981.77 2033.1 1991.25 1771.84 
1514.97 1295.55 1253.71 1305.04 1384.86 1470.46 1556.87 1643.36 1729.86 1816.35 1902.76 1988.35 2068.18 2119.51 2077.66 1858.25 
1600.56 1381.14 1339.3 1390.63 1470.46 1556.05 1642.46 1728.95 1815.45 1901.94 1988.35 2073.94 2153.77 2205.1 2163.26 1943.84 
1680.39 1460.97 1419.13 1470.46 1550.28 1635.88 1722.29 1808.78 1895.28 1981.77 2068.18 2153.77 2233.6 2284.93 2243.08 2023.67 
1731.72 1512.3 1470.46 1521.79 1601.62 1687.21 1773.62 1860.11 1946.61 2033.1 2119.51 2205.1 2284.93 2336.26 2294.41 2075 
1689.87 1470.46 1428.62 1479.95 1559.77 1645.37 1731.78 1818.27 1904.76 1991.25 2077.66 2163.26 2243.08 2294.41 2252.57 2033.16 
1470.46 1251.04 1209.2 1260.53 1340.36 1425.95 1512.36 1598.85 1685.35 1771.84 1858.25 1943.84 2023.67 2075 2033.16 1813.74 

t = 50
1.51052e+10 1.40754e+10 1.33756e+10 1.31063e+10 1.32551e+10 1.37352e+10 1.44353e+10 1.52544e+10 1.61102e+10 1.69292e+10 1.76294e+10 1.81095e+10 1.82583e+10 1.79889e+10 1.72891e+10 1.62593e+10 
1.40754e+10 1.30457e+10 1.23459e+10 1.20765e+10 1.22253e+10 1.27054e+10 1.34056e+10 1.42246e+10 1.50804e+10 1.58995e+10 1.65996e+10 1.70797e+10 1.72285e+10 1.69591e+10 1.62593e+10 1.52296e+10 
1.33756e+10 1.23459e+10 1.16461e+10 1.13767e+10 1.15255e+10 1.20056e+10 1.27058e+10 1.35248e+10 1.43806e+10 1.51997e+10 1.58998e+10 1.63799e+10 1.65287e+10 1.62593e+10 1.55596e+10 1.45298e+10 
1.31063e+10 1.20765e+10 1.13767e+10 1.11073e+10 1.12561e+10 1.17362e+10 1.24364e+10 1.32554e+10 1.41112e+10 1.49303e+10 1.56304e+10 1.61105e+10 1.62593e+10 1.599e+10 1.52902e+10 1.42604e+10 
1.32551e+10 1.22253e+10 1.15255e+10 1.12561e+10 1.1405e+10 1.18851e+10 1.25852e+10 1.34043e+10 1.42601e+10 1.50791e+10 1.57792e+10 1.62593e+10 1.64082e+10 1.61388e+10 1.5439e+10 1.44092e+10 
1.37352e+10 1.27054e+10 1.20056e+10 1.17362e+10 1.18851e+10 1.23652e+10 1.30653e+10 1.38844e+10 1.47402e+10 1.55592e+10 1.62593e+10 1.67395e+10 1.68883e+10 1.66189e+10 1.59191e+10 1.48893e+10 
1.44353e+10 1.34056e+10 1.27058e+10 1.24364e+10 1.25852e+10 1.30653e+10 1.37655e+10 1.45845e+10 1.54403e+10 1.62593e+10 1.69595e+10 1.74396e+10 1.75884e+10 1.7319e+10 1.66192e+10 1.55895e+10 
1.52544e+10 1.42246e+10 1.35248e+10 1.32554e+10 1.34043e+10 1.38844e+10 1.45845e+10 1.54035e+10 1.62593e+10 1.70784e+10 1.77785e+10 1.82586e+10 1.84075e+10 1.81381e+10 1.74383e+10 1.64085e+10 
1.61102e+10 1.50804e+10 1.43806e+10 1.41112e+10 1.42601e+10 1.47402e+10 1.54403e+10 1.62593e+10 1.71151e+10 1.79342e+10 1.86343e+10 1.91144e+10 1.92633e+10 1.89939e+10 1.82941e+10 1.72643e+10 
1.69292e+10 1.58995e+10 1.51997e+10 1.49303e+10 1.50791e+10 1.55592e+10 1.62593e+10 1.70784e+10 1.79342e+10 1.87532e+10 1.94534e+10 1.99335e+10 2.00823e+10 1.98129e+10 1.91131e+10 1.80834e+10 
1.76294e+10 1.65996e+10 1.58998e+10 1.56304e+10 1.57792e+10 1.62593e+10 1.69595e+10 1.77785e+10 1.86343e+10 1.94534e+10 2.01535e+10 2.06336e+10 2.07824e+10 2.05131e+10 1.98133e+10 1.87835e+10 
1.81095e+10 1.70797e+10 1.63799e+10 1.61105e+10 1.62593e+10 1.67395e+10 1.74396e+10 1.82586e+10 1.91144e+10 1.99335e+10 2.06336e+10 2.11137e+10 2.12626e+10 2.09932e+10 2.02934e+10 1.92636e+10 
1.82583e+10 1.72285e+10 1.65287e+10 1.62593e+10 1.64082e+10 1.68883e+10 1.75884e+10 1.84075e+10 1.92633e+10 2.00823e+10 2.07824e+10 2.12626e+10 2.14114e+10 2.1142e+10 2.04422e+10 1.94124e+10 
1.79889e+10 1.69591e+10 1.62593e+10 1.599e+10 1.61388e+10 1.66189e+10 1.7319e+10 1.81381e+10 1.89939e+10 1.98129e+10 2.05131e+10 2.09932e+10 2.1142e+10 2.08726e+10 2.01728e+10 1.91431e+10 
1.72891e+10 1.62593e+10 1.55596e+10 1.52902e+10 1.5439e+10 1.59191e+10 1.66192e+10 1.74383e+10 1.82941e+10 1.91131e+10 1.98133e+10 2.02934e+10 2.04422e+10 2.01728e+10 1.9473e+10 1.84433e+10 
1.62593e+10 1.52296e+10 1.45298e+10 1.42604e+10 1.44092e+10 1.48893e+10 1.55895e+10 1.64085e+10 1.72643e+10 1.80834e+10 1.87835e+10 1.92636e+10 1.94124e+10 1.91431e+10 1.84433e+10 1.74135e+10 

