Average:	0.018565
Variance:	4.00275
