b = 4.272490e+09 +- 2.505834e+07 B/s
l = 4.022277531917896e-05 +- 1.6052527061533216e-05 s
